image_name,dial_value,bbox,camera_matrix
v_0977_f_0000_rgba.png,7.91772,"[425.0, 501.0, 216.0, 88.0]","[0.9816730618476868, -0.034350380301475525, 0.18745137751102448, 0.0, 0.03396357595920563, 0.9994091391563416, 0.005275798961520195, 0.0, -0.18752184510231018, 0.001187409507110715, 0.9822596907615662, 0.0, -0.7981177568435669, 0.08556943386793137, 4.6038432121276855, 1.0]"
v_0505_f_0000_rgba.png,3.49529,"[543.0, 288.0, 37.0, 228.0]","[0.9996006488800049, 0.02726796455681324, -0.007418375462293625, 0.0, -0.02718232199549675, 0.9995653629302979, 0.011410538107156754, 0.0, 0.00772629352286458, -0.011204332113265991, 0.999907374382019, 0.0, -0.14789603650569916, -0.3042681813240051, 4.776468276977539, 1.0]"
v_0191_f_0000_rgba.png,1.76757,"[605.0, 316.0, 176.0, 103.0]","[0.9500072002410889, 0.02983134798705578, -0.31079959869384766, 0.0, -0.055957257747650146, 0.9955756664276123, -0.07548411935567856, 0.0, 0.3071727454662323, 0.08910194784402847, 0.9474733471870422, 0.0, 0.7937890291213989, -0.09911350160837173, 5.420848846435547, 1.0]"
v_0465_f_0000_rgba.png,1.74054,"[609.0, 406.0, 87.0, 284.0]","[0.9839928150177002, -0.03775220736861229, -0.1741633117198944, 0.0, 0.03868738189339638, 0.9992493987083435, 0.00197649747133255, 0.0, 0.1739579737186432, -0.00868278183043003, 0.9847148060798645, 0.0, 0.22704216837882996, 0.26060906052589417, 3.776691436767578, 1.0]"
v_0268_f_0000_rgba.png,0.718518,"[441.0, 475.0, 257.0, 117.0]","[0.9893378019332886, -0.04679729789495468, 0.13791565597057343, 0.0, 0.05326041951775551, 0.9976305961608887, -0.043549295514822006, 0.0, -0.13555088639259338, 0.050430409610271454, 0.9894860982894897, 0.0, -0.8672782182693481, 0.32998430728912354, 3.8581037521362305, 1.0]"
v_0786_f_0000_rgba.png,5.35015,"[458.0, 252.0, 217.0, 114.0]","[0.9887903928756714, -0.02592579647898674, 0.14704227447509766, 0.0, 0.06893988698720932, 0.95282381772995, -0.2955910563468933, 0.0, -0.1324419379234314, 0.3024146556854248, 0.9439303278923035, 0.0, -0.7016504406929016, 0.729497492313385, 4.538302421569824, 1.0]"
v_0140_f_0000_rgba.png,-1.44865,"[234.0, 522.0, 347.0, 171.0]","[0.9820881485939026, 0.047746527940034866, 0.18227215111255646, 0.0, -0.02808556519448757, 0.9936490654945374, -0.1089622974395752, 0.0, -0.18631713092327118, 0.10189136117696762, 0.9771919250488281, 0.0, -0.47398239374160767, 0.48987916111946106, 2.917123317718506, 1.0]"
v_0640_f_0000_rgba.png,5.81261,"[294.0, 651.0, 120.0, 197.0]","[0.9992645382881165, -0.025168513879179955, -0.028929000720381737, 0.0, 0.03300991654396057, 0.9485137462615967, 0.3150111436843872, 0.0, 0.01951119303703308, -0.3157344162464142, 0.9486469626426697, 0.0, 0.8348914384841919, -0.5377297401428223, 5.004819393157959, 1.0]"
v_0237_f_0000_rgba.png,-1.19139,"[167.0, 391.0, 399.0, 73.0]","[0.999228835105896, -0.03852742910385132, -0.007570959627628326, 0.0, 0.037654776126146317, 0.9949272871017456, -0.09328379482030869, 0.0, 0.01112653873860836, 0.09292677789926529, 0.995610773563385, 0.0, 0.16754527390003204, 0.06551273912191391, 2.747739315032959, 1.0]"
v_0388_f_0000_rgba.png,-0.530731,"[271.0, 209.0, 274.0, 344.0]","[0.9659671187400818, 0.04191495478153229, 0.2552463114261627, 0.0, -0.009987863712012768, 0.9920917749404907, -0.12511654198169708, 0.0, -0.2584719955921173, 0.11830910295248032, 0.9587466716766357, 0.0, -0.5662510395050049, 0.17810292541980743, 2.6459522247314453, 1.0]"
v_0998_f_0000_rgba.png,6.12593,"[569.0, 234.0, 215.0, 191.0]","[0.9971851706504822, -0.035556234419345856, -0.06601150333881378, 0.0, 0.014022749848663807, 0.953312873840332, -0.30165860056877136, 0.0, 0.07365546375513077, 0.2998838424682617, 0.9511280655860901, 0.0, -0.12552803754806519, 0.5431569814682007, 3.9529638290405273, 1.0]"
v_0705_f_0000_rgba.png,5.67748,"[508.0, 381.0, 166.0, 160.0]","[0.9994553923606873, 0.005417709704488516, -0.03255103528499603, 0.0, -0.010671308264136314, 0.986491322517395, -0.16346555948257446, 0.0, 0.03122570365667343, 0.163723886013031, 0.9860118627548218, 0.0, -0.03503669798374176, 0.7174710035324097, 4.863903999328613, 1.0]"
v_0219_f_0000_rgba.png,-1.27948,"[242.0, 480.0, 412.0, 82.0]","[0.9980059862136841, 0.04380545765161514, -0.045443516224622726, 0.0, -0.0384724885225296, 0.9929368495941162, 0.11223334819078445, 0.0, 0.05003897473216057, -0.1102612242102623, 0.9926422238349915, 0.0, 0.09291043132543564, -0.2568219006061554, 2.622464179992676, 1.0]"
v_0246_f_0000_rgba.png,0.57037,"[348.0, 489.0, 246.0, 105.0]","[0.997787594795227, -0.006964539643377066, -0.06611675769090652, 0.0, 0.019374672323465347, 0.9817917346954346, 0.1889699548482895, 0.0, 0.06359679251909256, -0.189832866191864, 0.9797545075416565, 0.0, 0.2456233948469162, -0.6489991545677185, 4.08756160736084, 1.0]"
v_0521_f_0000_rgba.png,2.12492,"[550.0, 171.0, 52.0, 296.0]","[0.9935099482536316, 0.0009781329426914454, -0.11374112218618393, 0.0, -0.01647677831351757, 0.9906536340713501, -0.13540267944335938, 0.0, 0.11254560947418213, 0.13639798760414124, 0.9842403531074524, 0.0, 0.22954532504081726, 0.11422057449817657, 3.765902519226074, 1.0]"
v_0234_f_0000_rgba.png,0.267067,"[318.0, 453.0, 284.0, 95.0]","[0.9993270635604858, 0.01724213734269142, 0.03237401321530342, 0.0, -0.018317434936761856, 0.9992802739143372, 0.03321746736764908, 0.0, -0.03177797049283981, -0.03378812596201897, 0.998923659324646, 0.0, -0.12953361868858337, -0.13971637189388275, 3.747187614440918, 1.0]"
v_0318_f_0000_rgba.png,1.08889,"[489.0, 299.0, 203.0, 182.0]","[0.9964114427566528, 0.008861790411174297, -0.08417672663927078, 0.0, -0.02307773195207119, 0.9852687120437622, -0.1694490909576416, 0.0, 0.08143507689237595, 0.1707836240530014, 0.9819375276565552, 0.0, -0.03979383781552315, 0.407304048538208, 4.196006774902344, 1.0]"
v_0004_f_0000_rgba.png,-0.2,"[97.0, 706.0, 220.0, 64.0]","[0.9645742177963257, -0.02403014339506626, 0.26271504163742065, 0.0, -0.05778889358043671, 0.9524102807044983, 0.2992909550666809, 0.0, -0.25740450620651245, -0.3038703203201294, 0.9172816872596741, 0.0, -0.32837703824043274, -0.7169225811958313, 5.180105686187744, 1.0]"
v_0532_f_0000_rgba.png,2.18899,"[531.0, 504.0, 57.0, 299.0]","[0.9967343807220459, -0.028438454493880272, -0.0755763053894043, 0.0, 0.028912022709846497, 0.999568521976471, 0.005179180298000574, 0.0, 0.07539641112089157, -0.007347331382334232, 0.997126579284668, 0.0, 0.1439092755317688, 0.5649361610412598, 3.6361494064331055, 1.0]"
v_0701_f_0000_rgba.png,3.97778,"[280.0, 436.0, 217.0, 177.0]","[0.9512023329734802, 0.007827921770513058, 0.30846861004829407, 0.0, 0.031972143799066544, 0.991797149181366, -0.12375874072313309, 0.0, -0.306907057762146, 0.12758199870586395, 0.9431494474411011, 0.0, -0.7305944561958313, 0.6468297839164734, 3.958728790283203, 1.0]"
v_0045_f_0000_rgba.png,-0.911111,"[269.0, 365.0, 231.0, 175.0]","[0.9970351457595825, -0.012095513753592968, -0.07599113881587982, 0.0, 0.01562787964940071, 0.9988163113594055, 0.04606259614229202, 0.0, 0.0753440335392952, -0.047113604843616486, 0.9960439801216125, 0.0, 0.5644674301147461, -0.46349000930786133, 3.8885412216186523, 1.0]"
v_0901_f_0000_rgba.png,7.25906,"[581.0, 522.0, 228.0, 38.0]","[0.9995378255844116, -0.022299161180853844, 0.02066156081855297, 0.0, 0.023907963186502457, 0.9964107871055603, -0.08120334148406982, 0.0, -0.018776634708046913, 0.08165979385375977, 0.9964833855628967, 0.0, -0.6122456789016724, 0.5082958936691284, 4.723318099975586, 1.0]"
v_0813_f_0000_rgba.png,7.41221,"[360.0, 597.0, 200.0, 98.0]","[0.9966811537742615, -0.03917519375681877, -0.07135845720767975, 0.0, 0.05439214035868645, 0.9726727604866028, 0.22571922838687897, 0.0, 0.06056583672761917, -0.22885143756866455, 0.9715754389762878, 0.0, 0.7030132412910461, -0.5725472569465637, 5.002522945404053, 1.0]"
v_0708_f_0000_rgba.png,7.07688,"[668.0, 119.0, 146.0, 169.0]","[0.9906790256500244, -0.014179370366036892, -0.13547711074352264, 0.0, -0.017844226211309433, 0.9724878072738647, -0.23226922750473022, 0.0, 0.13504327833652496, 0.23252172768115997, 0.9631702899932861, 0.0, -0.11234931647777557, 0.09879086166620255, 5.45734977722168, 1.0]"
v_0635_f_0000_rgba.png,2.82963,"[571.0, 200.0, 197.0, 242.0]","[0.9823437333106995, 0.04520728439092636, -0.18154075741767883, 0.0, -0.04679228365421295, 0.9988946914672852, -0.004455158486962318, 0.0, 0.18113869428634644, 0.012871203944087029, 0.9833733439445496, 0.0, 0.3267439305782318, -0.411663681268692, 3.7685842514038086, 1.0]"
v_0019_f_0000_rgba.png,-1.15135,"[519.0, 347.0, 200.0, 258.0]","[0.9809477925300598, -0.008384683169424534, -0.1940903663635254, 0.0, -0.00024207940441556275, 0.999014675617218, -0.04438081756234169, 0.0, 0.1942712366580963, 0.0435822531580925, 0.9799792170524597, 0.0, 0.3000166416168213, -0.06979931890964508, 3.5057320594787598, 1.0]"
v_0325_f_0000_rgba.png,-0.794995,"[261.0, 437.0, 343.0, 233.0]","[0.997994065284729, 0.02346060425043106, -0.058800116181373596, 0.0, -0.014455003663897514, 0.9887097477912903, 0.14914460480213165, 0.0, 0.06163527071475983, -0.1479954719543457, 0.9870655536651611, 0.0, 0.2116827815771103, -0.25154566764831543, 2.72505521774292, 1.0]"
v_0183_f_0000_rgba.png,-0.232433,"[212.0, 625.0, 318.0, 58.0]","[0.9876775145530701, -0.016357969492673874, 0.15564553439617157, 0.0, 0.01577141508460045, 0.9998630881309509, 0.005002755206078291, 0.0, -0.15570606291294098, -0.002486358629539609, 0.9878003001213074, 0.0, -0.3239525854587555, 0.39165231585502625, 3.462035655975342, 1.0]"
v_0168_f_0000_rgba.png,1.2961,"[74.0, 230.0, 227.0, 76.0]","[0.917016327381134, -0.021252043545246124, 0.39828309416770935, 0.0, 0.046853385865688324, 0.9974054098129272, -0.05465563386678696, 0.0, -0.3960881531238556, 0.06878101825714111, 0.9156327843666077, 0.0, -0.9699615836143494, -0.6002537608146667, 4.938761234283447, 1.0]"
v_0905_f_0000_rgba.png,3.65946,"[489.0, 370.0, 282.0, 169.0]","[0.9655207395553589, 0.009406181052327156, -0.26015621423721313, 0.0, -0.03316325694322586, 0.9956490993499756, -0.08708059042692184, 0.0, 0.25820520520210266, 0.09270574152469635, 0.9616317749023438, 0.0, 0.7332427501678467, 0.09217630326747894, 3.4190783500671387, 1.0]"
v_0982_f_0000_rgba.png,3.09189,"[577.0, 535.0, 201.0, 320.0]","[0.9958215355873108, -0.00572406779974699, 0.09114110469818115, 0.0, 0.005489769857376814, 0.9999809265136719, 0.0028212093748152256, 0.0, -0.0911555215716362, -0.0023090774193406105, 0.9958339929580688, 0.0, -0.6116657257080078, 0.3003663718700409, 2.9779186248779297, 1.0]"
v_0728_f_0000_rgba.png,3.40621,"[584.0, 373.0, 276.0, 158.0]","[0.9988471865653992, -0.009783834218978882, 0.046995606273412704, 0.0, 0.0153969069942832, 0.9925811886787415, -0.12060504406690598, 0.0, -0.04546697437763214, 0.12118959426879883, 0.9915875196456909, 0.0, -0.6208311319351196, 0.325403094291687, 3.5587244033813477, 1.0]"
v_0677_f_0000_rgba.png,3.75556,"[370.0, 573.0, 206.0, 210.0]","[0.986694872379303, -0.010485011152923107, -0.1622444987297058, 0.0, 0.05123407393693924, 0.9671264886856079, 0.24908125400543213, 0.0, 0.15429933369159698, -0.2540796399116516, 0.9547958970069885, 0.0, 0.8618563413619995, -0.37702280282974243, 3.844451427459717, 1.0]"
v_0830_f_0000_rgba.png,5.77057,"[298.0, 626.0, 240.0, 46.0]","[0.9904096722602844, 0.013267869129776955, 0.13752330839633942, 0.0, -0.04317415505647659, 0.9752519130706787, 0.2168402075767517, 0.0, -0.13124287128448486, -0.22069808840751648, 0.9664717316627502, 0.0, -0.1065155640244484, -0.4910688102245331, 4.512016296386719, 1.0]"
v_0967_f_0000_rgba.png,2.98378,"[323.0, 333.0, 226.0, 297.0]","[0.9639877676963806, -0.003571149194613099, 0.2659226655960083, 0.0, 0.04600849002599716, 0.9870725870132446, -0.15352824330329895, 0.0, -0.2619366943836212, 0.16023404896259308, 0.9516901969909668, 0.0, -0.5446145534515381, 0.29073044657707214, 2.937032699584961, 1.0]"
v_0537_f_0000_rgba.png,2.71852,"[329.0, 514.0, 66.0, 266.0]","[0.9459183216094971, 0.02966916747391224, 0.3230452537536621, 0.0, -0.08354126662015915, 0.9845013618469238, 0.15420091152191162, 0.0, -0.3134634792804718, -0.17284908890724182, 0.9337365031242371, 0.0, -0.835459291934967, -0.08670166879892349, 4.00970983505249, 1.0]"
v_0249_f_0000_rgba.png,-0.668869,"[440.0, 575.0, 326.0, 99.0]","[0.9872412085533142, 0.034219082444906235, -0.15551160275936127, 0.0, -0.01375462207943201, 0.9913119077682495, 0.1308111548423767, 0.0, 0.15863674879074097, -0.12700316309928894, 0.9791346192359924, 0.0, 0.11543671786785126, -0.1259063482284546, 3.2806825637817383, 1.0]"
v_0797_f_0000_rgba.png,1.27508,"[463.0, 400.0, 380.0, 79.0]","[0.9863885045051575, 0.008307626470923424, 0.1642215996980667, 0.0, 0.011334601789712906, 0.9929119944572449, -0.11831002682447433, 0.0, -0.1640404760837555, 0.1185610368847847, 0.9793028235435486, 0.0, -0.60010826587677, 0.17895039916038513, 2.6808266639709473, 1.0]"
v_0499_f_0000_rgba.png,4.4012,"[759.0, 615.0, 39.0, 220.0]","[0.9753898978233337, -0.0466374009847641, -0.21549838781356812, 0.0, 0.08039525151252747, 0.9853131175041199, 0.15064740180969238, 0.0, 0.20530758798122406, -0.1642649918794632, 0.9648138880729675, 0.0, 0.0561007522046566, 0.24714016914367676, 5.187607765197754, 1.0]"
v_0013_f_0000_rgba.png,-1.11532,"[173.0, 533.0, 212.0, 112.0]","[0.998305082321167, -0.01688920147716999, -0.0556933619081974, 0.0, 0.023419465869665146, 0.9926453828811646, 0.1187715008854866, 0.0, 0.05327780172228813, -0.1198744997382164, 0.9913584589958191, 0.0, 0.978711724281311, -0.34716928005218506, 4.6419291496276855, 1.0]"
v_0366_f_0000_rgba.png,3.53734,"[514.0, 674.0, 96.0, 186.0]","[0.9791756272315979, 0.025937078520655632, -0.20135119557380676, 0.0, 0.024475177749991417, 0.9694893956184387, 0.24390825629234314, 0.0, 0.20153412222862244, -0.24375714361667633, 0.9486656188964844, 0.0, 0.8277895450592041, -0.09704535454511642, 5.447820663452148, 1.0]"
v_0083_f_0000_rgba.png,-0.535736,"[408.0, 307.0, 243.0, 77.0]","[0.9951847791671753, 0.01602437160909176, -0.09669794142246246, 0.0, -0.03197707608342171, 0.985647439956665, -0.16576071083545685, 0.0, 0.09265387058258057, 0.16805465519428253, 0.981413722038269, 0.0, 0.1949613094329834, 0.12419340759515762, 4.369122505187988, 1.0]"
v_0008_f_0000_rgba.png,-1.2,"[220.0, 431.0, 210.0, 150.0]","[0.9957142472267151, 0.029608238488435745, -0.08761562407016754, 0.0, -0.026433780789375305, 0.9989591836929321, 0.03717292845249176, 0.0, 0.08862505108118057, -0.034697603434324265, 0.9954605102539062, 0.0, 0.9078110456466675, -0.24008946120738983, 4.291222095489502, 1.0]"
v_0711_f_0000_rgba.png,4.05185,"[386.0, 497.0, 217.0, 169.0]","[0.99603670835495, -0.03514428809285164, 0.08170551061630249, 0.0, 0.03410844877362251, 0.9993194937705994, 0.014039505273103714, 0.0, -0.08214332163333893, -0.011197013780474663, 0.9965576529502869, 0.0, -0.14196710288524628, 0.2685820460319519, 4.134617328643799, 1.0]"
v_0788_f_0000_rgba.png,4.57037,"[584.0, 450.0, 248.0, 92.0]","[0.9989149570465088, 0.006444449070841074, -0.04612395912408829, 0.0, -0.0014541751006618142, 0.9942128658294678, 0.10741829127073288, 0.0, 0.04654928669333458, -0.1072346568107605, 0.9931434392929077, 0.0, -0.30590859055519104, -0.47236210107803345, 4.220597743988037, 1.0]"
v_0319_f_0000_rgba.png,-0.839039,"[183.0, 423.0, 386.0, 208.0]","[0.9988185167312622, -0.029308749362826347, 0.03876340016722679, 0.0, 0.027853788807988167, 0.9989062547683716, 0.03755639120936394, 0.0, -0.03982173278927803, -0.036432310938835144, 0.9985423684120178, 0.0, 0.03204748034477234, -0.022652272135019302, 2.63851261138916, 1.0]"
v_0299_f_0000_rgba.png,1.23003,"[367.0, 275.0, 199.0, 154.0]","[0.9980136156082153, -0.03427628427743912, -0.0528576597571373, 0.0, 0.023006679490208626, 0.9793822765350342, -0.20070135593414307, 0.0, 0.05864715203642845, 0.19908660650253296, 0.9782254695892334, 0.0, 0.2820725739002228, 0.41980138421058655, 4.524864196777344, 1.0]"
v_0371_f_0000_rgba.png,-0.205405,"[414.0, 272.0, 254.0, 285.0]","[0.9895585179328918, -0.014011544175446033, 0.14344897866249084, 0.0, 0.006299674976617098, 0.9985170364379883, 0.054074060171842575, 0.0, -0.14399391412734985, -0.0526057668030262, 0.9881793260574341, 0.0, -0.6065484881401062, -0.27586865425109863, 2.984616756439209, 1.0]"
v_0262_f_0000_rgba.png,0.459259,"[191.0, 224.0, 274.0, 136.0]","[0.9874120354652405, -0.0005127904005348682, 0.15816830098628998, 0.0, 0.023454302921891212, 0.9894139766693115, -0.14321263134479523, 0.0, -0.1564204841852188, 0.14511960744857788, 0.9769713282585144, 0.0, -0.2179589718580246, -0.061577506363391876, 3.875502586364746, 1.0]"
v_0475_f_0000_rgba.png,2.74354,"[718.0, 419.0, 49.0, 237.0]","[0.9944313168525696, -0.0058800834231078625, -0.10522278398275375, 0.0, 0.015901554375886917, 0.9953829646110535, 0.09465695172548294, 0.0, 0.10418037325143814, -0.09580303728580475, 0.989933431148529, 0.0, -0.3745475113391876, -0.16671152412891388, 4.609070777893066, 1.0]"
v_0414_f_0000_rgba.png,2.23904,"[190.0, 144.0, 135.0, 245.0]","[0.996656596660614, -0.01742584817111492, 0.07982450723648071, 0.0, 0.04129436984658241, 0.9504579901695251, -0.3080980181694031, 0.0, -0.07050096988677979, 0.3103642165660858, 0.9479998350143433, 0.0, 0.46440109610557556, 0.658505916595459, 4.270462989807129, 1.0]"
v_0221_f_0000_rgba.png,-0.796997,"[135.0, 405.0, 342.0, 62.0]","[0.9583964943885803, -0.00859382376074791, 0.28531089425086975, 0.0, 0.006686028093099594, 0.9999483227729797, 0.0076601142063736916, 0.0, -0.28536197543144226, -0.005433829966932535, 0.9584044218063354, 0.0, -0.5941647291183472, -0.22977200150489807, 3.2235426902770996, 1.0]"
v_0778_f_0000_rgba.png,7.80561,"[561.0, 188.0, 178.0, 125.0]","[0.9915186762809753, -0.008211337961256504, -0.12970444560050964, 0.0, -0.0352804996073246, 0.9435198307037354, -0.32943230867385864, 0.0, 0.125083789229393, 0.3312143385410309, 0.9352278113365173, 0.0, 0.2622823715209961, 0.7968365550041199, 5.362128734588623, 1.0]"
v_0593_f_0000_rgba.png,3.16296,"[498.0, 157.0, 134.0, 253.0]","[0.9992170333862305, 0.028574060648679733, -0.027365393936634064, 0.0, -0.028250114992260933, 0.9995270371437073, 0.012152221985161304, 0.0, 0.02769968844950199, -0.011369631625711918, 0.9995516538619995, 0.0, 0.014801070094108582, -0.622789204120636, 3.947510242462158, 1.0]"
v_0799_f_0000_rgba.png,2.06486,"[491.0, 460.0, 356.0, 65.0]","[0.9898028373718262, -0.02178126759827137, 0.1407690942287445, 0.0, 0.0014174660900607705, 0.9896971583366394, 0.14316953718662262, 0.0, -0.1424371898174286, -0.14151008427143097, 0.9796359539031982, 0.0, -0.6282663941383362, -0.4509239196777344, 2.8694748878479004, 1.0]"
v_0424_f_0000_rgba.png,1.48428,"[561.0, 452.0, 121.0, 269.0]","[0.9735644459724426, 0.018201308324933052, -0.22768615186214447, 0.0, -0.010845402255654335, 0.9993793368339539, 0.03351680561900139, 0.0, 0.22815488278865814, -0.03016142174601555, 0.9731575846672058, 0.0, 0.49427899718284607, 0.263111412525177, 3.8009629249572754, 1.0]"
v_0009_f_0000_rgba.png,-0.2,"[91.0, 330.0, 211.0, 71.0]","[0.9986840486526489, 0.04978913813829422, 0.012297208420932293, 0.0, -0.0456688329577446, 0.9724730849266052, -0.22849604487419128, 0.0, -0.023335326462984085, 0.2276337593793869, 0.9734671711921692, 0.0, 1.0049782991409302, 0.5694246292114258, 4.957990646362305, 1.0]"
v_0081_f_0000_rgba.png,-1.69389,"[256.0, 388.0, 277.0, 217.0]","[0.9995990991592407, 0.0076360986568033695, 0.027264682576060295, 0.0, -0.006017545238137245, 0.998242199420929, -0.05896063521504402, 0.0, -0.027666985988616943, 0.05877292901277542, 0.997887909412384, 0.0, 0.09375026077032089, 0.06722258031368256, 3.283679962158203, 1.0]"
v_0432_f_0000_rgba.png,2.83664,"[271.0, 313.0, 74.0, 224.0]","[0.9738218784332275, 0.028268488124012947, 0.22554780542850494, 0.0, 0.004378774203360081, 0.9897202253341675, -0.1429499089717865, 0.0, -0.2272702157497406, 0.14019538462162018, 0.9636874794960022, 0.0, -0.35451939702033997, 0.5303746461868286, 4.786510467529297, 1.0]"
v_0477_f_0000_rgba.png,0.804605,"[517.0, 219.0, 70.0, 323.0]","[0.9994940757751465, 0.02968057617545128, -0.01142927072942257, 0.0, -0.02897120639681816, 0.9979019165039062, 0.0579000860452652, 0.0, 0.013123799115419388, -0.057539671659469604, 0.9982569813728333, 0.0, -0.0510803684592247, -0.3746500015258789, 3.3049254417419434, 1.0]"
v_0692_f_0000_rgba.png,3.9037,"[231.0, 333.0, 219.0, 174.0]","[0.9988488554954529, 0.04674538969993591, 0.010760572738945484, 0.0, -0.04371079429984093, 0.9793940782546997, -0.19717153906822205, 0.0, -0.01975570060312748, 0.19647420942783356, 0.9803099632263184, 0.0, 0.6178909540176392, 0.6239100098609924, 4.017205238342285, 1.0]"
v_0364_f_0000_rgba.png,3.17798,"[287.0, 435.0, 117.0, 191.0]","[0.9612203240394592, -0.004926362074911594, 0.2757375240325928, 0.0, -0.01426323875784874, 0.9976142644882202, 0.06754511594772339, 0.0, -0.2754124402999878, -0.06885864585638046, 0.9588568806648254, 0.0, -0.8165274262428284, -0.12631212174892426, 5.0174970626831055, 1.0]"
v_0678_f_0000_rgba.png,3.08589,"[577.0, 308.0, 211.0, 210.0]","[0.9977401494979858, -0.03207382932305336, 0.05904131755232811, 0.0, 0.030387915670871735, 0.9991105794906616, 0.029234737157821655, 0.0, -0.05992647260427475, -0.027374528348445892, 0.9978273510932922, 0.0, -0.6463453769683838, -0.28685733675956726, 3.7704663276672363, 1.0]"
v_0235_f_0000_rgba.png,0.267067,"[483.0, 456.0, 270.0, 101.0]","[0.9527402520179749, 0.03307502344250679, -0.3019801676273346, 0.0, -0.04083644971251488, 0.9989770650863647, -0.01942293718457222, 0.0, 0.3010288178920746, 0.030836811289191246, 0.9531162977218628, 0.0, 0.681952178478241, 0.10789954662322998, 3.745187282562256, 1.0]"
v_0206_f_0000_rgba.png,0.274074,"[167.0, 540.0, 277.0, 70.0]","[0.9895309805870056, 0.03346982225775719, 0.14038600027561188, 0.0, -0.0383356437087059, 0.9987491965293884, 0.03209969773888588, 0.0, -0.13913604617118835, -0.03714543208479881, 0.9895763397216797, 0.0, -0.08374489098787308, 0.08460042625665665, 4.004996299743652, 1.0]"
v_0510_f_0000_rgba.png,3.58939,"[521.0, 400.0, 39.0, 233.0]","[0.9935625195503235, -0.03705456107854843, -0.10705366730690002, 0.0, 0.044669825583696365, 0.9965718984603882, 0.06963544338941574, 0.0, 0.1041063666343689, -0.07396923750638962, 0.9918116927146912, 0.0, 0.38771241903305054, -0.15208199620246887, 4.6559834480285645, 1.0]"
v_0404_f_0000_rgba.png,3.55435,"[381.0, 655.0, 80.0, 198.0]","[0.9885939955711365, -0.015985677018761635, 0.14975425601005554, 0.0, -0.004244474694132805, 0.9909986257553101, 0.13380485773086548, 0.0, -0.15054522454738617, -0.13291430473327637, 0.9796274304389954, 0.0, -0.4646871089935303, 0.47418227791786194, 5.344416618347168, 1.0]"
v_0911_f_0000_rgba.png,5.53333,"[342.0, 300.0, 250.0, 77.0]","[0.9824647903442383, -0.035719018429517746, 0.18299488723278046, 0.0, 0.0673612654209137, 0.9831838607788086, -0.16974085569381714, 0.0, -0.17385464906692505, 0.1790911853313446, 0.9683495759963989, 0.0, -0.4576970040798187, 0.14009906351566315, 4.198984146118164, 1.0]"
v_0926_f_0000_rgba.png,2.76757,"[511.0, 461.0, 285.0, 242.0]","[0.999666690826416, -0.019835960119962692, 0.016522597521543503, 0.0, 0.019922228530049324, 0.9997886419296265, -0.0050730276852846146, 0.0, -0.01641847752034664, 0.005400503519922495, 0.9998506307601929, 0.0, -0.28032466769218445, 0.10308259725570679, 3.08833646774292, 1.0]"
v_0581_f_0000_rgba.png,2.50931,"[280.0, 164.0, 127.0, 288.0]","[0.9402261972427368, 0.013425652869045734, 0.3402857780456543, 0.0, 0.08118192106485367, 0.9615797400474548, -0.26224783062934875, 0.0, -0.3307327628135681, 0.2741973400115967, 0.9030125737190247, 0.0, -0.724621057510376, 0.5850114822387695, 3.5639500617980957, 1.0]"
v_0939_f_0000_rgba.png,6.61141,"[607.0, 501.0, 241.0, 80.0]","[0.9978147149085999, -0.00939605850726366, -0.06540289521217346, 0.0, 0.0062235137447714806, 0.9988017082214355, -0.048543501645326614, 0.0, 0.0657806396484375, 0.04803038015961647, 0.9966774582862854, 0.0, -0.304930716753006, 0.2894808351993561, 4.453861236572266, 1.0]"
v_0909_f_0000_rgba.png,6.35916,"[308.0, 428.0, 249.0, 71.0]","[0.9869852066040039, 0.008074523881077766, 0.16060829162597656, 0.0, -0.006706272717565298, 0.9999364614486694, -0.009059429168701172, 0.0, -0.16067123413085938, 0.00786443892866373, 0.9869766235351562, 0.0, -0.24860478937625885, -0.14869722723960876, 4.280362606048584, 1.0]"
v_0089_f_0000_rgba.png,0.543343,"[560.0, 757.0, 211.0, 36.0]","[0.9933295249938965, 0.0036295547615736723, -0.11525319516658783, 0.0, 0.023031866177916527, 0.9731187224388123, 0.22914956510066986, 0.0, 0.11298675090074539, -0.23027551174163818, 0.9665439128875732, 0.0, -0.1998193860054016, -0.12355808168649673, 5.361806392669678, 1.0]"
v_0654_f_0000_rgba.png,1.30811,"[355.0, 354.0, 274.0, 264.0]","[0.9750619530677795, 0.008090446703135967, 0.22178539633750916, 0.0, 0.02578800544142723, 0.988435685634613, -0.14943179488182068, 0.0, -0.22042956948280334, 0.15142466127872467, 0.963577389717102, 0.0, -0.512372612953186, 0.49652236700057983, 2.9593143463134766, 1.0]"
v_0860_f_0000_rgba.png,6.88268,"[394.0, 623.0, 228.0, 39.0]","[0.9993644952774048, 0.010528003796935081, -0.034055545926094055, 0.0, -0.004014376550912857, 0.9825518131256104, 0.18594573438167572, 0.0, 0.035418976098299026, -0.18569085001945496, 0.9819696545600891, 0.0, 0.35667288303375244, -0.386866956949234, 4.7655792236328125, 1.0]"
v_0603_f_0000_rgba.png,4.43624,"[250.0, 395.0, 107.0, 217.0]","[0.9972609877586365, 0.020568866282701492, 0.07104513794183731, 0.0, -0.017913106828927994, 0.9991240501403809, -0.0378183051943779, 0.0, -0.07176078110933304, 0.03644208237528801, 0.9967558979988098, 0.0, 0.5051087737083435, 0.3091364800930023, 4.686226844787598, 1.0]"
v_0052_f_0000_rgba.png,0.261061,"[545.0, 392.0, 209.0, 36.0]","[0.9670213460922241, 0.025845730677247047, -0.2533806562423706, 0.0, -0.014480588026344776, 0.9988078474998474, 0.04661714285612106, 0.0, 0.25428342819213867, -0.041410669684410095, 0.966242790222168, 0.0, 0.5979260802268982, -0.6545631289482117, 5.145265102386475, 1.0]"
v_0735_f_0000_rgba.png,1.74054,"[516.0, 438.0, 356.0, 133.0]","[0.9956302642822266, -0.005967450328171253, 0.09319228678941727, 0.0, -0.004881635308265686, 0.993265688419342, 0.11575601249933243, 0.0, -0.09325546771287918, -0.11570512503385544, 0.9888962507247925, 0.0, -0.5340625643730164, -0.3333492577075958, 2.833369255065918, 1.0]"
v_0383_f_0000_rgba.png,1.98679,"[422.0, 557.0, 116.0, 214.0]","[0.9826086163520813, 0.030243253335356712, -0.18320919573307037, 0.0, 0.0017937689553946257, 0.9850553870201111, 0.17222854495048523, 0.0, 0.18567995727062225, -0.16956189274787903, 0.9678696990013123, 0.0, 0.8984901309013367, -0.07684788852930069, 4.516912937164307, 1.0]"
v_0340_f_0000_rgba.png,2.98979,"[276.0, 655.0, 130.0, 182.0]","[0.998846173286438, -0.025564061477780342, 0.04065432399511337, 0.0, 0.01983650214970112, 0.9905758500099182, 0.1355213224887848, 0.0, -0.04373566433787346, -0.1345585137605667, 0.9899399876594543, 0.0, 0.406023234128952, 0.385192334651947, 5.152623176574707, 1.0]"
v_0882_f_0000_rgba.png,6.19099,"[395.0, 251.0, 254.0, 52.0]","[0.9995027184486389, 0.031089697033166885, 0.005262366030365229, 0.0, -0.02933092974126339, 0.9779548645019531, -0.20674625039100647, 0.0, -0.011574034579098225, 0.20648910105228424, 0.9783804416656494, 0.0, 0.11315909028053284, 0.08571977913379669, 4.32939338684082, 1.0]"
v_0108_f_0000_rgba.png,-1.66487,"[261.0, 450.0, 313.0, 260.0]","[0.9923115372657776, -0.006960765458643436, 0.12356924265623093, 0.0, 0.0005506720626726747, 0.9986556172370911, 0.05183304101228714, 0.0, -0.12376391142606735, -0.05136647820472717, 0.9909813404083252, 0.0, -0.2655799388885498, -0.08518145978450775, 2.8845367431640625, 1.0]"
v_0548_f_0000_rgba.png,3.33213,"[489.0, 457.0, 63.0, 241.0]","[0.9959831237792969, 0.03259784355759621, -0.08339633792638779, 0.0, -0.03240732103586197, 0.9994681477546692, 0.003637540852651, 0.0, 0.08347056061029434, -0.0009202774963341653, 0.9965097904205322, 0.0, 0.34510180354118347, 0.4023398756980896, 4.459298610687256, 1.0]"
v_0889_f_0000_rgba.png,8.07087,"[305.0, 424.0, 215.0, 44.0]","[0.9987488389015198, -0.04134224355220795, 0.028134619817137718, 0.0, 0.03826555982232094, 0.9940203428268433, 0.10227078944444656, 0.0, -0.03219448775053024, -0.10106624662876129, 0.9943586587905884, 0.0, 0.4030701220035553, -0.7843912243843079, 5.003150939941406, 1.0]"
v_0406_f_0000_rgba.png,3.95375,"[436.0, 405.0, 75.0, 185.0]","[0.9916975498199463, -0.007009496912360191, -0.1284012496471405, 0.0, 0.020245293155312538, 0.994571328163147, 0.10206881165504456, 0.0, 0.1269887536764145, -0.10382091253995895, 0.9864557981491089, 0.0, 0.8131659626960754, -0.47652631998062134, 5.3975090980529785, 1.0]"
v_0611_f_0000_rgba.png,2.7015,"[511.0, 393.0, 171.0, 262.0]","[0.989481508731842, 0.003400108776986599, -0.14461950957775116, 0.0, 0.016658999025821686, 0.9903942346572876, 0.1372651606798172, 0.0, 0.14369703829288483, -0.138230562210083, 0.9799201488494873, 0.0, 0.3470582962036133, -0.32775408029556274, 3.6196908950805664, 1.0]"
v_0791_f_0000_rgba.png,4.64444,"[294.0, 382.0, 252.0, 74.0]","[0.9810609221458435, 0.036598313599824905, 0.19021038711071014, 0.0, -0.01694788597524166, 0.9944405555725098, -0.10392669588327408, 0.0, -0.19295646250247955, 0.09873475879430771, 0.9762270450592041, 0.0, -0.33652159571647644, 0.13530194759368896, 4.206559658050537, 1.0]"
v_0107_f_0000_rgba.png,-0.268469,"[433.0, 529.0, 224.0, 37.0]","[0.9889682531356812, -0.018200505524873734, 0.14700518548488617, 0.0, 0.002928854199126363, 0.9946313500404358, 0.10344021767377853, 0.0, -0.1480986326932907, -0.10186853259801865, 0.9837121367454529, 0.0, -1.0122573375701904, -0.3456462025642395, 4.701475143432617, 1.0]"
v_0497_f_0000_rgba.png,3.4012,"[507.0, 428.0, 38.0, 227.0]","[0.9964249730110168, 0.003582979319617152, 0.08440648764371872, 0.0, -0.01891271024942398, 0.9832035303115845, 0.18152987957000732, 0.0, -0.08233834058046341, -0.18247726559638977, 0.9797562956809998, 0.0, -0.447744220495224, -0.5856726765632629, 4.684925556182861, 1.0]"
v_0704_f_0000_rgba.png,4.67748,"[425.0, 595.0, 199.0, 162.0]","[0.9988470673561096, 0.033616308122873306, 0.03426985442638397, 0.0, -0.04142376407980919, 0.9643383622169495, 0.2614108622074127, 0.0, -0.024260064586997032, -0.26252907514572144, 0.9646190404891968, 0.0, -0.05524679273366928, -0.4958071708679199, 4.400474548339844, 1.0]"
v_0283_f_0000_rgba.png,2.14595,"[618.0, 462.0, 183.0, 146.0]","[0.9965636134147644, -0.03188300505280495, -0.07644915580749512, 0.0, 0.026717232540249825, 0.9973501563072205, -0.06766717880964279, 0.0, 0.0784040093421936, 0.0653921365737915, 0.9947746992111206, 0.0, -0.514585018157959, 0.5324581861495972, 4.857514381408691, 1.0]"
v_0720_f_0000_rgba.png,3.40621,"[287.0, 315.0, 239.0, 152.0]","[0.9682236313819885, -0.049877166748046875, 0.2450617104768753, 0.0, 0.0317966565489769, 0.9965090751647949, 0.07719188928604126, 0.0, -0.2480563372373581, -0.06694686412811279, 0.966429591178894, 0.0, -0.5219348669052124, -0.5934689044952393, 3.8333539962768555, 1.0]"
v_0722_f_0000_rgba.png,1.68649,"[394.0, 301.0, 339.0, 153.0]","[0.9995942711830139, 0.016953561455011368, -0.022886941209435463, 0.0, -0.019584422931075096, 0.9925675392150879, -0.12010880559682846, 0.0, 0.020680563524365425, 0.12050830572843552, 0.992496907711029, 0.0, 0.10551673918962479, 0.07440092414617538, 3.0922317504882812, 1.0]"
v_0857_f_0000_rgba.png,6.78859,"[185.0, 509.0, 237.0, 42.0]","[0.9688954949378967, -0.020901799201965332, 0.24658603966236115, 0.0, 0.0023580279666930437, 0.9971612691879272, 0.07525884360074997, 0.0, -0.24745908379554749, -0.07233650237321854, 0.9661943316459656, 0.0, -0.2232218086719513, -0.27922606468200684, 4.668548107147217, 1.0]"
v_0224_f_0000_rgba.png,2.07988,"[171.0, 722.0, 177.0, 119.0]","[0.9876728057861328, -0.03319528326392174, 0.15297219157218933, 0.0, -0.020122364163398743, 0.9422216415405273, 0.33438512682914734, 0.0, -0.1552337259054184, -0.3333412706851959, 0.9299387335777283, 0.0, 0.08023520559072495, -0.6130514144897461, 5.401692867279053, 1.0]"
v_0950_f_0000_rgba.png,4.87968,"[336.0, 342.0, 243.0, 206.0]","[0.9992141723632812, 0.010302616283297539, -0.038273606449365616, 0.0, -0.01431737095117569, 0.9942469596862793, -0.10615084320306778, 0.0, 0.03695978596806526, 0.10661540180444717, 0.9936131834983826, 0.0, 0.4159795641899109, 0.0977696031332016, 3.5998315811157227, 1.0]"
v_0384_f_0000_rgba.png,1.22803,"[478.0, 332.0, 165.0, 249.0]","[0.9991788268089294, 0.030328446999192238, 0.026867523789405823, 0.0, -0.03168032318353653, 0.9981751441955566, 0.05140804126858711, 0.0, -0.025259368121623993, -0.05221699923276901, 0.99831622838974, 0.0, -0.3176766633987427, -0.23540712893009186, 3.8014020919799805, 1.0]"
v_0572_f_0000_rgba.png,0.875676,"[489.0, 180.0, 176.0, 355.0]","[0.9923974871635437, 0.013607606291770935, -0.12231948226690292, 0.0, -0.010638079605996609, 0.9996334314346313, 0.024897214025259018, 0.0, 0.12261343002319336, -0.02340668812394142, 0.9921784400939941, 0.0, 0.24439029395580292, -0.2716837227344513, 2.8875317573547363, 1.0]"
v_0105_f_0000_rgba.png,-0.466667,"[512.0, 375.0, 268.0, 88.0]","[0.9987720251083374, 0.04886255040764809, 0.008182252757251263, 0.0, -0.04885239899158478, 0.9988049864768982, -0.001436270889826119, 0.0, -0.008242654614150524, 0.0010347843635827303, 0.999965488910675, 0.0, -0.6095647811889648, -0.3450283706188202, 3.939080238342285, 1.0]"
v_0316_f_0000_rgba.png,-0.839039,"[350.0, 407.0, 356.0, 218.0]","[0.9862214922904968, 0.006450481712818146, -0.16530446708202362, 0.0, -0.024468494579195976, 0.9939367771148682, -0.10719604045152664, 0.0, 0.16361071169376373, 0.10976378619670868, 0.9803996086120605, 0.0, 0.2723865509033203, 0.36036059260368347, 2.7090377807617188, 1.0]"
v_0941_f_0000_rgba.png,5.75556,"[394.0, 319.0, 243.0, 151.0]","[0.9975108504295349, 0.02011542208492756, -0.06758291274309158, 0.0, -0.031513456255197525, 0.9845784306526184, -0.17208200693130493, 0.0, 0.06307917833328247, 0.17378345131874084, 0.982761561870575, 0.0, 0.3959404230117798, 0.2509535551071167, 3.9708781242370605, 1.0]"
v_0616_f_0000_rgba.png,2.09189,"[460.0, 369.0, 191.0, 274.0]","[0.9954610466957092, 0.01454172469675541, -0.09405246376991272, 0.0, -0.0008443210390396416, 0.9895680546760559, 0.14406360685825348, 0.0, 0.09516625106334686, -0.14333030581474304, 0.9850887060165405, 0.0, 0.2785983383655548, -0.37238264083862305, 3.385769844055176, 1.0]"
v_0821_f_0000_rgba.png,4.04685,"[602.0, 336.0, 296.0, 48.0]","[0.9997031688690186, 0.02062644436955452, -0.012966525740921497, 0.0, -0.02021089941263199, 0.9993025064468384, 0.031400635838508606, 0.0, 0.013605165295302868, -0.031129248440265656, 0.9994227886199951, 0.0, -0.4710434675216675, -0.5790699124336243, 3.6969642639160156, 1.0]"
v_0097_f_0000_rgba.png,-1.80801,"[288.0, 489.0, 295.0, 292.0]","[0.989048182964325, -0.0028938825707882643, -0.14756479859352112, 0.0, 0.0084020821377635, 0.9992903470993042, 0.03671766072511673, 0.0, 0.14735382795333862, -0.03755538910627365, 0.9883705973625183, 0.0, 0.47540712356567383, 0.07098913192749023, 2.7302169799804688, 1.0]"
v_0396_f_0000_rgba.png,1.29209,"[509.0, 527.0, 163.0, 257.0]","[0.9744863510131836, 0.0017643978353589773, -0.22443988919258118, 0.0, 0.017167551442980766, 0.9964537024497986, 0.08237254619598389, 0.0, 0.2237893044948578, -0.08412399888038635, 0.9710002541542053, 0.0, 0.5445348620414734, 0.25271108746528625, 3.7350592613220215, 1.0]"
v_0304_f_0000_rgba.png,1.01481,"[256.0, 417.0, 230.0, 164.0]","[0.9633402824401855, -0.02939867042005062, 0.26666685938835144, 0.0, 0.04947448521852493, 0.9963974356651306, -0.06887996941804886, 0.0, -0.26368120312690735, 0.07954805344343185, 0.9613242745399475, 0.0, -0.7579663991928101, 0.35873734951019287, 3.9705872535705566, 1.0]"
v_0078_f_0000_rgba.png,-1.8961,"[259.0, 441.0, 265.0, 323.0]","[0.9869385957717896, 0.013200399465858936, -0.16055522859096527, 0.0, -0.02499416470527649, 0.9971159100532532, -0.07165993750095367, 0.0, 0.1591462343931198, 0.07473690062761307, 0.9844220876693726, 0.0, 0.6058341264724731, 0.2876504361629486, 2.6145968437194824, 1.0]"
v_0042_f_0000_rgba.png,-0.95015,"[314.0, 577.0, 247.0, 213.0]","[0.9945535659790039, 0.042231976985931396, 0.09528732299804688, 0.0, -0.055008936673402786, 0.989218533039093, 0.13572297990322113, 0.0, -0.08852813392877579, -0.14022542536258698, 0.9861539602279663, 0.0, -0.251741886138916, -0.10873331129550934, 3.5985665321350098, 1.0]"
v_0746_f_0000_rgba.png,2.79459,"[280.0, 472.0, 310.0, 135.0]","[0.9994993805885315, -0.0315798781812191, 0.0019213649211451411, 0.0, 0.03163802623748779, 0.9974067807197571, -0.06464297324419022, 0.0, 0.00012503461039159447, 0.06467139720916748, 0.9979066252708435, 0.0, 0.3730747401714325, 0.3125423491001129, 3.336071491241455, 1.0]"
v_0748_f_0000_rgba.png,5.01381,"[613.0, 613.0, 210.0, 138.0]","[0.9802640676498413, 0.031110268086194992, -0.19522947072982788, 0.0, 0.03009645827114582, 0.9525447487831116, 0.30290713906288147, 0.0, 0.1953883320093155, -0.3028046786785126, 0.932809054851532, 0.0, 0.3057088553905487, -0.7098861336708069, 4.522738456726074, 1.0]"
v_0142_f_0000_rgba.png,-1.58779,"[328.0, 463.0, 377.0, 231.0]","[0.9981977343559265, 0.028061043471097946, -0.05304637923836708, 0.0, -0.027586475014686584, 0.99957275390625, 0.009657537564635277, 0.0, 0.05329471826553345, -0.008176769129931927, 0.9985453486442566, 0.0, -0.014458897523581982, 0.05909743532538414, 2.613463878631592, 1.0]"
v_0463_f_0000_rgba.png,2.2,"[677.0, 558.0, 63.0, 264.0]","[0.9604369401931763, 0.03038462996482849, -0.2768351435661316, 0.0, 0.013435163535177708, 0.98781818151474, 0.15503132343292236, 0.0, 0.2781733572483063, -0.15261712670326233, 0.9483288526535034, 0.0, 0.5115286111831665, 0.10279044508934021, 4.179957866668701, 1.0]"
v_0637_f_0000_rgba.png,1.2,"[435.0, 450.0, 259.0, 297.0]","[0.9991897344589233, -0.012319011613726616, 0.03831646963953972, 0.0, 0.013773943297564983, 0.9991850256919861, -0.03794218227267265, 0.0, -0.037817832082509995, 0.03843920677900314, 0.9985450506210327, 0.0, -0.1384032815694809, 0.43722134828567505, 2.9406700134277344, 1.0]"
v_0239_f_0000_rgba.png,0.496296,"[186.0, 380.0, 252.0, 98.0]","[0.9663960337638855, -0.0545402429997921, 0.2512051463127136, 0.0, 0.040241505950689316, 0.9972823262214661, 0.06171366199851036, 0.0, -0.253888338804245, -0.049530964344739914, 0.9659644961357117, 0.0, -0.5897718667984009, -0.47562751173973083, 4.191059112548828, 1.0]"
v_0878_f_0000_rgba.png,5.23704,"[308.0, 315.0, 273.0, 75.0]","[0.9945122599601746, 0.02821224369108677, 0.1007441058754921, 0.0, -0.026620548218488693, 0.9994992017745972, -0.017109204083681107, 0.0, -0.10117634385824203, 0.014333450235426426, 0.9947652220726013, 0.0, -0.00333355157636106, -0.45099684596061707, 3.9555740356445312, 1.0]"
v_0437_f_0000_rgba.png,-0.310511,"[373.0, 187.0, 196.0, 389.0]","[0.9826862215995789, 1.8431896023685113e-05, -0.18527762591838837, 0.0, -0.013511507771909237, 0.9973444938659668, -0.07156389951705933, 0.0, 0.18478430807590485, 0.07282823324203491, 0.9800769686698914, 0.0, 0.5339277386665344, 0.06981004774570465, 2.582576274871826, 1.0]"
v_0543_f_0000_rgba.png,0.713514,"[356.0, 340.0, 125.0, 372.0]","[0.9912405610084534, 0.02747729979455471, -0.1291787028312683, 0.0, -0.021285708993673325, 0.9985685348510742, 0.049069300293922424, 0.0, 0.13034208118915558, -0.04588982090353966, 0.9904065132141113, 0.0, 0.593254566192627, 0.07461396604776382, 2.8279128074645996, 1.0]"
v_0353_f_0000_rgba.png,-0.313514,"[230.0, 331.0, 310.0, 269.0]","[0.9907507300376892, -0.03462694585323334, 0.13120189309120178, 0.0, 0.015972193330526352, 0.989930272102356, 0.1406519114971161, 0.0, -0.1347510665655136, -0.13725540041923523, 0.9813272356987, 0.0, -0.2124353051185608, -0.40672367811203003, 2.8109374046325684, 1.0]"
v_0398_f_0000_rgba.png,1.68148,"[565.0, 493.0, 149.0, 244.0]","[0.9601865410804749, -0.007770910393446684, -0.27925148606300354, 0.0, 0.009252717718482018, 0.9999492168426514, 0.003988589625805616, 0.0, 0.2792063355445862, -0.006413625553250313, 0.9602097272872925, 0.0, 0.6528680324554443, 0.45173919200897217, 3.957205295562744, 1.0]"
